test=0:2:11;